86.6638,86.4093,86.9950,87.2373,88.4687,86.8890,88.3577,87.3271,88.2069,86.3086,87.3157,85.9351,84.7017,87.2085,93.0847,90.2215,98.4582,102.2306,105.5473,108.3695,110.1656,111.8883,114.8883,119.5567,123.3186,126.9448,129.9324,134.0644,135.5866,143.3450
82.9688,84.9751,84.7221,85.2620,85.5235,86.7843,85.2296,86.6211,84.6955,85.6428,84.2585,84.3145,83.1342,85.6436,88.6436,94.4698,95.1971,101.0049,104.3151,107.1319,108.6321,110.6870,114.7178,118.4152,122.1611,125.5033,128.5254,132.6266,134.1653,141.3149
83.7471,81.2992,83.2694,82.9383,83.5044,83.8082,85.0018,83.1073,84.0358,82.5864,82.6021,81.5134,81.5516,84.0361,89.8839,93.1944,95.9655,96.4842,103.0719,105.5868,107.0881,109.4917,113.5479,117.2268,120.7151,124.0684,127.1231,131.1920,132.7383,139.5155
79.6860,82.0404,79.5839,81.5011,81.1939,81.7210,81.4552,82.4542,81.0148,80.9611,80.4475,79.8846,79.9913,82.4634,88.5916,91.8953,94.6686,98.4649,97.8078,104.0177,105.8207,108.2746,112.3335,116.0024,119.5282,121.9612,125.7161,129.7147,131.2720,137.9172
77.7435,77.9394,80.2484,77.7451,79.7040,79.3606,79.9190,79.4014,79.3682,78.8091,79.0472,78.2123,78.3930,77.8825,87.3010,90.6102,93.3821,96.2076,100.7377,99.1384,104.5449,107.0157,111.0640,114.7473,118.0581,121.1853,123.4605,128.2322,129.7738,136.0115
76.5078,75.9471,76.1304,78.3501,75.8508,77.8348,77.5656,77.7002,77.1381,77.3930,76.9011,76.4994,76.1850,83.1681,82.5466,89.2934,92.0889,95.8869,97.5591,100.7995,100.8344,105.7527,109.7736,113.4741,116.5432,119.6934,122.8239,124.9681,128.2799,134.1607
73.7288,74.7320,74.1615,74.2623,76.4820,73.9866,76.0146,75.4571,75.6395,75.1615,75.2659,74.4834,73.6929,81.1820,84.6407,83.9420,90.7410,94.0015,97.2840,99.2642,101.9883,102.1670,108.5073,111.9214,115.0335,118.2230,121.3377,124.6413,126.4023,132.0147
70.0917,71.9462,72.8783,72.2318,72.4305,74.3160,72.2352,73.9376,73.3843,73.4806,72.7075,71.9584,70.5922,78.5118,82.6171,86.1543,85.3646,92.2823,95.7433,98.1573,100.6369,103.2307,103.5039,110.4146,113.5639,116.6978,119.8499,123.3031,125.3104,127.8050
70.6589,68.2587,70.0799,70.9516,70.3929,70.6643,72.2553,70.3907,71.6737,70.9172,70.1266,68.7833,76.5571,75.0400,79.9520,84.0358,87.6033,86.8134,94.0427,96.8294,99.4262,101.9959,106.0180,104.8217,111.9984,115.1593,118.2952,122.0283,123.6065,127.5227
66.6669,68.8013,66.4385,68.1795,69.0815,68.5319,68.7768,69.8410,68.4630,68.2925,66.9434,66.8063,73.9114,78.4755,76.5102,81.4074,85.4931,89.3981,88.6352,95.4837,98.1621,100.7670,103.3004,108.2540,106.4146,113.5944,116.7252,120.4291,122.0185,126.2400
64.3953,64.7122,66.9107,64.4448,66.1965,67.0667,66.5047,66.8106,66.4187,65.0609,64.9220,72.1080,71.3306,75.3972,79.9547,77.9840,82.8762,87.3160,91.2579,90.1167,96.8723,99.5174,103.0578,104.5876,110.3459,107.9984,115.1438,118.6456,120.3750,124.5498
63.0391,62.2512,62.6745,64.8292,62.3962,64.1566,64.9808,64.4890,63.1888,63.0275,60.7352,70.1388,73.6138,72.8122,76.9075,81.4922,79.9173,84.8035,89.2081,92.7476,91.5556,98.2413,101.5683,104.6302,106.1608,112.0445,109.5146,117.0099,115.7300,121.2817
60.7551,60.7793,60.1264,60.5501,62.7708,60.3444,62.0666,61.1701,61.0400,58.7450,66.8557,65.2977,71.6651,75.1439,74.3887,78.5034,83.5071,81.8887,86.7132,90.6826,94.1891,92.9416,99.9993,103.1673,106.2293,107.7212,113.5873,111.1438,118.5034,117.0377
57.3692,58.5042,58.6896,58.0346,58.4674,60.5258,58.1826,58.9665,56.6385,56.5257,64.0865,69.8692,66.8913,73.2639,76.7538,76.4352,80.4595,85.4742,83.8442,88.2063,92.1335,95.6250,94.3097,101.6142,104.7084,107.8152,109.3023,115.1702,112.7300,117.2018
56.5474,55.1506,56.4268,56.5369,55.8096,56.2647,56.8762,54.4689,54.3576,62.0221,61.1999,65.7497,71.4943,68.4941,74.8638,78.7512,78.4239,82.4958,87.0303,85.3549,89.7341,93.6316,97.4016,95.9239,103.2328,106.4295,109.4324,110.9459,115.6738,115.9562
53.5501,54.2550,53.0062,54.1963,54.2038,53.5395,52.3509,52.1619,49.9191,59.9083,63.7332,62.8851,67.4298,73.1498,70.5956,76.9459,80.8290,80.5198,84.0656,88.5916,86.9440,91.2910,95.5196,99.2693,97.7558,104.9002,108.1049,111.0862,112.5303,114.2875
50.7928,51.2009,52.0590,50.7108,51.8066,50.0932,49.9702,47.7110,56.3229,54.6903,61.6471,65.4993,64.5846,69.1199,75.2835,72.6565,78.9839,82.9011,82.0939,85.6388,90.1856,88.5087,93.2320,97.4506,101.0655,99.4677,106.5861,109.7461,112.2085,108.9257
47.6651,49.3731,48.9386,49.6224,47.7523,47.6721,45.5036,45.2717,53.3088,59.4314,56.4587,63.3373,67.1731,66.7315,71.1838,77.2848,74.6490,80.5535,84.4526,83.6269,87.1861,92.1487,90.4476,95.0264,99.2133,102.7525,101.1253,108.2255,107.3233,112.0691
44.0340,46.7094,47.0192,45.3738,45.3605,43.2328,43.0722,51.1005,50.0260,55.1295,61.3776,58.2154,65.0269,69.2907,68.8139,73.2613,79.3639,76.2375,82.1131,85.9484,85.1134,89.1577,94.0919,92.1902,96.7192,100.8798,104.3772,102.7627,110.5186,110.2480
40.1294,41.6600,42.8550,42.9065,40.9169,40.8502,39.8760,48.6599,52.8739,51.8742,57.0094,63.2254,60.5490,67.2255,71.4396,70.9298,75.3835,80.9985,77.8210,83.6233,87.4311,87.0881,91.1241,95.8258,93.8264,98.3393,102.5109,105.9763,108.7048,107.7692
38.2124,37.5755,39.2047,38.4392,38.4543,37.5737,45.8764,44.6479,50.4412,54.6974,53.7387,58.8364,65.5536,62.8134,69.3817,73.5288,72.5796,77.0571,82.5843,79.3987,85.1247,89.2695,88.9310,92.8752,97.4787,95.4744,100.0126,104.1423,106.2105,105.0259
31.5969,37.0967,35.0124,35.9185,35.0152,35.8138,43.2823,48.2217,46.4099,52.2492,56.4908,56.0532,61.0476,67.7426,64.9127,71.4544,75.1843,74.2741,78.7438,84.2459,81.2165,86.9014,91.0583,90.7323,94.5926,99.1869,97.1779,101.6388,103.4376,108.8102
28.8394,28.8550,32.9880,32.0931,30.7392,36.0190,40.6929,45.0783,50.0115,48.2539,54.0733,58.8199,58.2160,63.1365,69.8494,67.0643,73.1502,76.9005,75.9810,80.3541,86.0845,82.9792,88.6663,92.8648,92.5015,96.3162,100.8722,98.8187,107.2071,106.0195
24.9692,26.0166,25.8947,30.1732,25.7338,34.1122,40.5568,42.5798,46.9653,51.8575,50.7618,56.5401,61.0538,60.3682,65.4008,71.5783,68.7700,74.8696,78.5233,77.5390,82.2443,87.8890,84.7471,90.4194,94.6270,94.2202,98.0026,102.5275,104.3618,104.0242
26.6743,21.9952,23.0403,19.6764,28.0082,30.8448,38.7158,43.5549,44.4966,48.8409,54.4199,53.2946,58.8984,63.3733,62.7674,67.1608,73.1427,70.3287,76.4455,80.5644,79.4338,84.0620,89.6767,86.4815,92.1682,96.4022,95.9638,99.6971,102.3634,104.0071
19.6446,27.2720,18.9811,17.6147,25.9943,30.1951,32.9105,41.6313,45.7491,47.1195,51.4031,56.9412,55.7918,61.3327,65.7780,64.3673,68.6795,75.1196,71.8510,78.4475,82.4779,81.2982,85.8661,91.4220,88.1952,93.9313,98.1756,97.6950,101.8389,98.5516
24.1212,16.6479,20.1212,12.5388,23.7849,28.0577,34.6516,34.8880,43.6367,48.4115,49.7117,54.0268,59.5122,58.2347,63.5339,67.3591,65.8991,70.1961,76.7753,73.8737,80.3839,84.3383,83.1452,87.6322,93.1532,89.9508,95.6929,99.9180,96.9230,99.7614
13.1524,16.9492,10.4650,18.9811,17.7240,25.8881,31.4237,38.1989,37.7757,46.4148,51.1194,52.2466,56.5231,61.8661,59.8955,65.1862,68.9788,67.4639,72.2049,78.7989,75.8236,82.2837,86.1794,84.9079,89.4116,94.9440,91.7176,95.2414,98.1232,104.9744
8.6367,7.1126,17.4275,15.9047,23.1061,19.7488,27.9850,33.4638,40.9984,40.4555,48.9920,53.6894,54.7493,58.8831,63.5726,61.6140,66.8927,70.6175,69.5011,74.1733,80.7556,77.7466,84.1329,87.9372,86.6755,91.1513,93.5762,93.4390,103.3175,108.0781
0.0000,15.9018,14.0566,21.3534,17.9861,25.1398,21.7812,30.8485,36.1804,43.4766,42.8507,51.4836,56.2424,57.1335,60.5752,65.2316,63.2860,68.5198,72.6901,71.4504,76.1067,82.7122,79.6605,85.9497,89.7317,88.4394,92.8304,98.2119,105.5918,110.2576
